
0.17 0.22 0.3 0.36 0.4 0.45 0.47 0.49 0.5 0.53 rot 3

97.13340693 15.73135406 6.365846027 3.23079564 1.842929895 1.204554851 0.795031504 0.559047066 0.403247032 0.312718332


0.15 0.2 0.25 0.31 0.36 0.41 0.42 0.44 0.47 0.49 rot 4

114.2592189 19.05791457 7.064884636 3.700963655 2.20407716 1.455901558 0.941747061 0.662773618 0.498425997 0.380221049

0.26 0.32 0.37 0.41 0.45 0.5 0.53 0.57 0.6 0.65 rot 5

247.5463059 38.10638623 13.06272217 6.112620422 3.438567258 2.214430941 1.480803943 1.068636871 0.792121034 0.626483873
